clk	resultat	reset	sysclk	mode	load	
clk:clk:1:Hz
0	00000000	0	0	01	00000001	
0	00000000	0	0	01	00000001	
1	00000001	0	1	01	00000001	
0	00000001	0	0	01	00000001	
1	00000010	0	1	10	00000001	
0	00000010	0	0	10	00000001	
1	00000100	0	1	10	00000001	
0	00000100	0	0	10	00000001	
1	00001000	0	1	10	00000001	
0	00001000	0	0	10	00000001	
1	00010000	0	1	10	00000001	
0	00010000	0	0	10	00000001	
1	00100000	0	1	10	00000001	
0	00100000	0	0	10	00000001	
1	01000000	0	1	10	00000001	
0	01000000	0	0	10	00000001	
1	10000000	0	1	10	00000001	
0	10000000	0	0	10	00000001	
1	00000000	0	1	10	00000001	
0	00000000	0	0	10	00000001	
1	10000000	0	1	01	10000000	
0	10000000	0	0	01	10000000	
1	01000000	0	1	11	10000000	
0	01000000	0	0	11	10000000	
1	00100000	0	1	11	10000000	
0	00100000	0	0	11	10000000	
1	00010000	0	1	11	10000000	
0	00010000	0	0	11	10000000	
1	00001000	0	1	11	10000000	
0	00001000	0	0	11	10000000	
1	00000100	0	1	11	10000000	
0	00000100	0	0	11	10000000	
1	00000010	0	1	11	10000000	
0	00000010	0	0	11	10000000	
1	00000001	0	1	11	10000000	
0	00000001	0	0	11	10000000	
1	00000000	0	1	11	10000000	
0	00000000	0	0	11	10000000	
1	10001000	0	1	01	10001000	
0	10001000	0	0	01	10001000	
1	01000100	0	1	11	10001000	
0	01000100	0	0	11	10001000	
1	00100010	0	1	11	10001000	
0	00100010	0	0	11	10001000	
1	00100010	0	1	00	10001000	
0	00100010	0	0	00	10001000	
1	00100010	0	1	00	10001000	
0	00100010	0	0	00	10001000	
1	00100010	0	1	00	10001000	
0	00100010	0	0	00	10001000	
1	00100010	0	1	00	10001000	
0	00100010	0	0	00	10001000	
1	00100010	0	1	00	10001000	
0	00100010	0	0	00	10001000	
1	00000000	1	1	00	10001000	
0	00000000	1	0	00	10001000	
1	00000000	1	1	00	10001000	
0	00000000	0	0	00	10001000	
1	00000000	0	1	00	10001000	
0	00000000	0	0	00	10001000	
1	00000000	0	1	00	10001000	
