clk	sysclk	led_o	load_i	test/en_i	test/right_left_i	test/speed	nReset_i	
clk:clk:30:Hz
0	0	00000000	0	0	1	11	0	
0	0	00000000	0	0	1	11	0	
1	1	00000000	0	0	0	00	1	
0	0	00000000	0	0	0	00	1	
1	1	00000000	0	0	0	00	1	
0	0	00000000	0	0	0	00	1	
1	1	00000000	0	0	0	00	1	
0	0	00000000	0	0	0	00	1	
1	1	00000000	0	0	0	00	1	
0	0	00000000	0	0	0	00	1	
1	1	00000000	0	0	0	00	1	
0	0	00000000	0	0	0	00	1	
1	1	00000000	0	0	0	00	1	
0	0	00000000	0	0	0	00	1	
1	1	00000000	0	0	0	00	1	
0	0	00000000	0	0	0	00	1	
1	1	00000000	0	0	0	00	1	
0	0	00000000	0	0	0	00	1	
1	1	00000000	0	0	0	00	1	
0	0	00000000	0	0	0	00	1	
1	1	00000000	0	0	0	00	1	
0	0	00000000	0	0	0	00	1	
1	1	00000000	0	0	0	00	1	
0	0	00000000	0	0	0	00	1	
1	1	00000000	0	0	0	00	1	
0	0	00000000	0	0	0	00	1	
1	1	00000000	0	0	0	00	1	
0	0	00000000	0	0	0	00	1	
1	1	00000000	0	0	0	00	1	
0	0	00000000	0	0	0	00	1	
1	1	00000000	0	0	0	00	1	
0	0	00000000	0	0	0	00	1	
1	1	00000000	0	0	0	00	1	
0	0	00000000	0	0	0	00	1	
1	1	00000000	0	0	0	00	1	
0	0	00000000	0	0	0	00	1	
1	1	00000000	0	0	0	00	1	
0	0	00000000	0	0	0	00	1	
1	1	00000000	0	0	0	00	1	
0	0	00000000	0	0	0	00	1	
1	1	00000000	0	0	0	00	1	
0	0	00000000	0	0	0	00	1	
1	1	00000000	0	0	0	00	1	
0	0	00000000	0	0	0	00	1	
1	1	00000000	0	0	0	00	1	
0	0	00000000	0	0	0	00	1	
1	1	00000000	0	0	0	00	1	
0	0	00000000	0	0	0	00	1	
1	1	00000000	0	0	0	00	1	
0	0	00000000	0	0	0	00	1	
1	1	00000000	0	0	0	00	1	
0	0	00000000	0	0	0	00	1	
1	1	00000000	0	0	0	00	1	
0	0	00000000	0	0	0	00	1	
1	1	00000000	0	0	0	00	1	
0	0	00000000	0	0	0	00	1	
1	1	00000000	0	0	0	00	1	
0	0	00000000	0	0	0	00	1	
1	1	00000000	0	0	0	00	1	
0	0	00000000	0	0	0	00	1	
1	1	00000000	0	0	0	00	1	
0	0	00000000	0	0	0	00	1	
1	1	00000000	0	0	0	00	1	
0	0	00000000	0	0	0	00	1	
1	1	00000000	0	0	0	00	1	
0	0	00000000	0	0	0	00	1	
1	1	00000000	0	0	0	00	1	
0	0	00000000	0	0	0	00	1	
1	1	00000000	0	0	0	00	1	
0	0	00000000	0	0	0	00	1	
1	1	00000000	0	0	0	00	1	
0	0	00000000	0	0	0	00	1	
1	1	00000000	0	0	0	00	1	
0	0	00000000	0	0	0	00	1	
1	1	00000000	0	0	0	00	1	
0	0	00000000	0	0	0	00	1	
1	1	00000000	0	0	0	00	1	
0	0	00000000	0	0	0	00	1	
1	1	00000000	0	0	0	00	1	
0	0	00000000	0	0	0	00	1	
1	1	00000000	0	0	0	00	1	
0	0	00000000	0	0	0	00	1	
1	1	00000000	0	0	0	00	1	
0	0	00000000	0	0	0	00	1	
1	1	00000000	0	0	0	00	1	
0	0	00000000	0	0	0	00	1	
1	1	00000000	0	0	0	00	1	
0	0	00000000	0	0	0	00	1	
1	1	00000000	0	0	0	00	1	
0	0	00000000	0	0	0	00	1	
1	1	00000000	0	0	0	00	1	
0	0	00000000	0	0	0	00	1	
1	1	00000000	0	0	0	00	1	
0	0	00000000	0	0	0	00	1	
1	1	00000000	0	0	0	00	1	
0	0	00000000	0	0	0	00	1	
1	1	00000000	0	0	0	00	1	
0	0	00000000	0	0	0	00	1	
1	1	00000000	1	0	0	00	1	
0	0	00000000	1	0	0	00	1	
1	1	00000000	1	0	0	00	1	
0	0	00000000	1	0	0	00	1	
1	1	00000000	1	0	0	00	1	
0	0	00000000	1	0	0	00	1	
1	1	00000000	1	0	0	00	1	
0	0	00000000	1	0	0	00	1	
1	1	00000000	1	0	0	00	1	
0	0	00000000	1	0	0	00	1	
1	1	00000000	1	0	0	00	1	
0	0	11100000	1	0	0	00	1	
1	1	11100000	1	0	0	00	1	
0	0	11100000	1	0	0	00	1	
1	1	11100000	1	0	0	00	1	
0	0	11100000	1	0	0	00	1	
1	1	11100000	1	0	0	00	1	
0	0	11100000	1	0	0	00	1	
1	1	11100000	1	0	0	00	1	
0	0	11100000	1	0	0	00	1	
1	1	11100000	1	0	0	00	1	
0	0	11100000	1	0	0	00	1	
1	1	11100000	1	0	0	00	1	
0	0	11100000	1	0	0	00	1	
1	1	11100000	1	0	0	00	1	
0	0	11100000	1	0	0	00	1	
1	1	11100000	1	0	0	00	1	
0	0	11100000	1	0	0	00	1	
1	1	11100000	1	0	0	00	1	
0	0	11100000	1	0	0	00	1	
1	1	11100000	1	0	0	00	1	
0	0	11100000	1	0	0	00	1	
1	1	11100000	1	0	0	00	1	
0	0	11100000	1	0	0	00	1	
1	1	11100000	1	0	0	00	1	
0	0	11100000	1	0	0	00	1	
1	1	11100000	1	0	0	00	1	
0	0	11100000	1	0	0	00	1	
1	1	11100000	1	0	0	00	1	
0	0	11100000	1	0	0	00	1	
1	1	11100000	1	0	0	00	1	
0	0	11100000	1	0	0	00	1	
1	1	11100000	1	0	0	00	1	
0	0	11100000	1	0	0	00	1	
1	1	11100000	1	0	0	00	1	
0	0	11100000	1	0	0	00	1	
1	1	11100000	1	0	0	00	1	
0	0	11100000	1	0	0	00	1	
1	1	11100000	1	0	0	00	1	
0	0	11100000	1	0	0	00	1	
1	1	11100000	1	0	0	00	1	
0	0	11100000	1	0	0	00	1	
1	1	11100000	1	0	0	00	1	
0	0	11100000	1	0	0	00	1	
1	1	11100000	1	0	0	00	1	
0	0	11100000	1	0	0	00	1	
1	1	11100000	1	0	0	00	1	
0	0	11100000	1	0	0	00	1	
1	1	11100000	1	0	0	00	1	
0	0	11100000	1	0	0	00	1	
1	1	11100000	1	0	0	00	1	
0	0	11100000	1	0	0	00	1	
1	1	11100000	1	0	0	00	1	
0	0	11100000	1	0	0	00	1	
1	1	11100000	1	0	0	00	1	
0	0	11100000	1	0	0	00	1	
1	1	11100000	1	0	0	00	1	
0	0	11100000	1	0	0	00	1	
1	1	11100000	1	0	0	00	1	
0	0	11100000	1	0	0	00	1	
1	1	11100000	1	0	0	00	1	
0	0	11100000	1	0	0	00	1	
1	1	11100000	1	0	0	00	1	
0	0	11100000	1	0	0	00	1	
1	1	11100000	1	0	0	00	1	
0	0	11100000	1	0	0	00	1	
1	1	11100000	1	0	0	00	1	
0	0	11100000	1	0	0	00	1	
1	1	11100000	1	0	0	00	1	
0	0	11100000	1	0	0	00	1	
1	1	11100000	1	0	0	00	1	
0	0	11100000	1	0	0	00	1	
1	1	11100000	1	0	0	00	1	
0	0	11100000	1	0	0	00	1	
1	1	11100000	1	0	0	00	1	
0	0	11100000	1	0	0	00	1	
1	1	11100000	1	0	0	00	1	
0	0	11100000	1	0	0	00	1	
1	1	11100000	1	0	0	00	1	
0	0	11100000	1	0	0	00	1	
1	1	11100000	1	0	0	00	1	
0	0	11100000	1	0	0	00	1	
1	1	11100000	1	0	0	00	1	
0	0	11100000	1	0	0	00	1	
1	1	11100000	1	0	0	00	1	
0	0	11100000	1	0	0	00	1	
1	1	11100000	1	0	0	00	1	
0	0	11100000	1	0	0	00	1	
1	1	11100000	1	0	0	00	1	
0	0	11100000	0	0	0	00	1	
1	1	11100000	0	0	0	00	1	
0	0	11100000	0	0	0	00	1	
1	1	11100000	0	0	0	00	1	
0	0	11100000	0	0	0	00	1	
1	1	11100000	0	0	0	00	1	
0	0	11100000	0	0	0	00	1	
1	1	11100000	0	0	0	00	1	
0	0	11100000	0	0	0	00	1	
1	1	11100000	0	0	0	00	1	
0	0	11100000	0	0	0	00	1	
1	1	11100000	0	0	0	00	1	
0	0	11100000	0	0	0	00	1	
1	1	11100000	0	0	0	00	1	
0	0	11100000	0	0	0	00	1	
1	1	11100000	0	0	0	00	1	
0	0	11100000	0	0	0	00	1	
1	1	11100000	0	0	0	00	1	
0	0	11100000	0	0	0	00	1	
1	1	11100000	0	0	0	00	1	
0	0	11100000	0	0	0	00	1	
1	1	11100000	0	0	0	00	1	
0	0	11100000	0	0	0	00	1	
1	1	11100000	0	0	0	00	1	
0	0	11100000	0	0	0	00	1	
1	1	11100000	0	0	0	00	1	
0	0	11100000	0	0	0	00	1	
1	1	11100000	0	0	0	00	1	
0	0	11100000	0	0	0	00	1	
1	1	11100000	0	0	0	00	1	
0	0	11100000	0	0	0	00	1	
1	1	11100000	0	0	0	00	1	
0	0	11100000	0	0	0	00	1	
1	1	11100000	0	0	0	00	1	
0	0	11100000	0	0	0	00	1	
1	1	11100000	0	0	0	00	1	
0	0	11100000	0	0	0	00	1	
1	1	11100000	0	0	0	00	1	
0	0	11100000	0	0	0	00	1	
1	1	11100000	0	0	0	00	1	
0	0	11100000	0	0	0	00	1	
1	1	11100000	0	1	0	00	1	
0	0	11100000	0	1	0	00	1	
1	1	11100000	0	1	0	00	1	
0	0	11100000	0	1	0	00	1	
1	1	11100000	0	1	0	00	1	
0	0	11100000	0	1	0	00	1	
1	1	11100000	0	1	0	00	1	
0	0	11000001	0	1	0	00	1	
1	1	11000001	0	1	0	00	1	
0	0	11000001	0	1	0	00	1	
1	1	11000001	0	1	0	00	1	
0	0	11000001	0	1	0	00	1	
1	1	11000001	0	1	0	00	1	
0	0	11000001	0	1	0	00	1	
1	1	11000001	0	1	0	00	1	
0	0	11000001	0	1	0	00	1	
1	1	11000001	0	1	0	00	1	
0	0	11000001	0	1	0	00	1	
1	1	11000001	0	1	0	00	1	
0	0	10000011	0	1	0	00	1	
1	1	10000011	0	1	0	00	1	
0	0	10000011	0	1	0	00	1	
1	1	10000011	0	1	0	00	1	
0	0	10000011	0	1	0	00	1	
1	1	10000011	0	1	0	00	1	
0	0	10000011	0	1	0	00	1	
1	1	10000011	0	1	0	00	1	
0	0	10000011	0	1	0	00	1	
1	1	10000011	0	1	0	00	1	
0	0	10000011	0	1	0	00	1	
1	1	10000011	0	1	0	00	1	
0	0	00000111	0	1	0	00	1	
1	1	00000111	0	1	0	00	1	
0	0	00000111	0	1	0	00	1	
1	1	00000111	0	1	0	00	1	
0	0	00000111	0	1	0	00	1	
1	1	00000111	0	1	0	00	1	
0	0	00000111	0	1	0	00	1	
1	1	00000111	0	1	0	00	1	
0	0	00000111	0	1	0	00	1	
1	1	00000111	0	1	0	00	1	
0	0	00000111	0	1	0	00	1	
1	1	00000111	0	1	0	00	1	
0	0	00001110	0	1	0	00	1	
1	1	00001110	0	1	0	00	1	
0	0	00001110	0	1	0	00	1	
1	1	00001110	0	1	0	00	1	
0	0	00001110	0	1	0	00	1	
1	1	00001110	0	1	0	00	1	
0	0	00001110	0	1	0	00	1	
1	1	00001110	0	1	0	00	1	
0	0	00001110	0	1	0	00	1	
1	1	00001110	0	1	0	00	1	
0	0	00001110	0	1	0	00	1	
1	1	00001110	0	1	0	00	1	
0	0	00011100	0	1	0	00	1	
1	1	00011100	0	1	0	00	1	
0	0	00011100	0	1	0	00	1	
1	1	00011100	0	1	0	00	1	
0	0	00011100	0	1	0	00	1	
1	1	00011100	0	1	0	00	1	
0	0	00011100	0	1	0	00	1	
1	1	00011100	0	1	0	00	1	
0	0	00011100	0	1	0	00	1	
1	1	00011100	0	1	0	00	1	
0	0	00011100	0	1	0	00	1	
1	1	00011100	0	1	0	00	1	
0	0	00111000	0	1	0	00	1	
1	1	00111000	0	1	0	00	1	
0	0	00111000	0	1	0	00	1	
1	1	00111000	0	1	0	00	1	
0	0	00111000	0	1	0	00	1	
1	1	00111000	0	1	0	00	1	
0	0	00111000	0	1	0	00	1	
1	1	00111000	0	1	0	00	1	
0	0	00111000	0	1	0	00	1	
1	1	00111000	0	1	0	00	1	
0	0	00111000	0	1	0	00	1	
1	1	00111000	0	1	0	00	1	
0	0	01110000	0	1	0	00	1	
1	1	01110000	0	1	0	00	1	
0	0	01110000	0	1	0	00	1	
1	1	01110000	0	1	0	00	1	
0	0	01110000	0	1	0	00	1	
1	1	01110000	0	1	0	00	1	
0	0	01110000	0	1	0	00	1	
1	1	01110000	0	1	0	00	1	
0	0	01110000	0	1	0	00	1	
1	1	01110000	0	1	0	00	1	
0	0	01110000	0	1	0	00	1	
1	1	01110000	0	1	0	00	1	
0	0	11100000	0	1	0	00	1	
1	1	11100000	0	1	0	00	1	
0	0	11100000	0	1	0	00	1	
1	1	11100000	0	1	0	00	1	
0	0	11100000	0	1	0	00	1	
1	1	11100000	0	1	0	00	1	
0	0	11100000	0	1	0	00	1	
1	1	11100000	0	1	0	00	1	
0	0	11100000	0	1	0	00	1	
1	1	11100000	0	1	0	00	1	
0	0	11100000	0	1	0	00	1	
1	1	11100000	0	1	0	00	1	
0	0	11000001	0	1	0	00	1	
1	1	11000001	0	1	0	00	1	
0	0	11000001	0	1	0	00	1	
1	1	11000001	0	1	0	00	1	
0	0	11000001	0	1	0	00	1	
1	1	11000001	0	1	0	00	1	
0	0	11000001	0	1	0	00	1	
1	1	11000001	0	1	0	00	1	
0	0	11000001	0	1	0	00	1	
1	1	11000001	0	1	0	00	1	
0	0	11000001	0	1	0	00	1	
1	1	11000001	0	1	0	00	1	
0	0	10000011	0	1	0	00	1	
1	1	10000011	0	1	0	00	1	
0	0	10000011	0	1	0	00	1	
1	1	10000011	0	1	0	00	1	
0	0	10000011	0	1	0	00	1	
1	1	10000011	0	1	0	00	1	
0	0	10000011	0	1	0	00	1	
1	1	10000011	0	1	0	00	1	
0	0	10000011	0	1	0	00	1	
1	1	10000011	0	1	0	00	1	
0	0	10000011	0	1	0	00	1	
1	1	10000011	0	1	0	00	1	
0	0	00000111	0	1	0	00	1	
1	1	00000111	0	1	0	00	1	
0	0	00000111	0	1	0	00	1	
1	1	00000111	0	1	0	00	1	
0	0	00000111	0	1	0	00	1	
1	1	00000111	0	1	0	00	1	
0	0	00000111	0	1	0	00	1	
1	1	00000111	0	1	0	00	1	
0	0	00000111	0	1	0	00	1	
1	1	00000111	0	1	0	00	1	
0	0	00000111	0	1	0	00	1	
1	1	00000111	0	1	0	00	1	
0	0	00001110	0	1	0	00	1	
1	1	00001110	0	1	0	00	1	
0	0	00001110	0	1	0	00	1	
1	1	00001110	0	1	0	00	1	
0	0	00001110	0	1	0	00	1	
1	1	00001110	0	1	0	00	1	
0	0	00001110	0	1	0	00	1	
1	1	00001110	0	1	0	00	1	
0	0	00001110	0	1	0	00	1	
1	1	00001110	0	1	0	00	1	
0	0	00001110	0	1	0	00	1	
1	1	00001110	0	1	0	00	1	
0	0	00011100	0	1	0	00	1	
1	1	00011100	0	1	0	00	1	
0	0	00011100	0	1	0	00	1	
1	1	00011100	0	1	0	00	1	
0	0	00011100	0	1	0	00	1	
1	1	00011100	0	1	0	00	1	
0	0	00011100	0	1	0	00	1	
1	1	00011100	0	1	0	00	1	
0	0	00011100	0	1	1	00	1	
1	1	00011100	0	1	1	00	1	
0	0	00011100	0	1	1	00	1	
1	1	00011100	0	1	1	00	1	
0	0	00001110	0	1	1	00	1	
1	1	00001110	0	1	1	00	1	
0	0	00001110	0	1	1	00	1	
1	1	00001110	0	1	1	00	1	
0	0	00001110	0	1	1	00	1	
1	1	00001110	0	1	1	00	1	
0	0	00001110	0	1	1	00	1	
1	1	00001110	0	1	1	00	1	
0	0	00001110	0	1	1	00	1	
1	1	00001110	0	1	1	00	1	
0	0	00001110	0	1	1	00	1	
1	1	00001110	0	1	1	00	1	
0	0	00000111	0	1	1	00	1	
1	1	00000111	0	1	1	00	1	
0	0	00000111	0	1	1	00	1	
1	1	00000111	0	1	1	00	1	
0	0	00000111	0	1	1	00	1	
1	1	00000111	0	1	1	00	1	
0	0	00000111	0	1	1	00	1	
1	1	00000111	0	1	1	00	1	
0	0	00000111	0	1	1	00	1	
1	1	00000111	0	1	1	00	1	
0	0	00000111	0	1	1	00	1	
1	1	00000111	0	1	1	00	1	
0	0	10000011	0	1	1	00	1	
1	1	10000011	0	1	1	00	1	
0	0	10000011	0	1	1	00	1	
1	1	10000011	0	1	1	00	1	
0	0	10000011	0	1	1	00	1	
1	1	10000011	0	1	1	00	1	
0	0	10000011	0	1	1	00	1	
1	1	10000011	0	1	1	00	1	
0	0	10000011	0	1	1	00	1	
1	1	10000011	0	1	1	00	1	
0	0	10000011	0	1	1	00	1	
1	1	10000011	0	1	1	00	1	
0	0	11000001	0	1	1	00	1	
1	1	11000001	0	1	1	00	1	
0	0	11000001	0	1	1	00	1	
1	1	11000001	0	1	1	00	1	
0	0	11000001	0	1	1	00	1	
1	1	11000001	0	1	1	00	1	
0	0	11000001	0	1	1	00	1	
1	1	11000001	0	1	1	00	1	
0	0	11000001	0	1	1	00	1	
1	1	11000001	0	1	1	00	1	
0	0	11000001	0	1	1	00	1	
1	1	11000001	0	1	1	00	1	
0	0	11100000	0	1	1	00	1	
1	1	11100000	0	1	1	00	1	
0	0	11100000	0	1	1	00	1	
1	1	11100000	0	1	1	00	1	
0	0	11100000	0	1	1	00	1	
1	1	11100000	0	1	1	00	1	
0	0	11100000	0	1	1	00	1	
1	1	11100000	0	1	1	00	1	
0	0	11100000	0	1	1	00	1	
1	1	11100000	0	1	1	00	1	
0	0	11100000	0	1	1	00	1	
1	1	11100000	0	1	1	00	1	
0	0	01110000	0	1	1	00	1	
1	1	01110000	0	1	1	00	1	
0	0	01110000	0	1	1	00	1	
1	1	01110000	0	1	1	00	1	
0	0	01110000	0	1	1	00	1	
1	1	01110000	0	1	1	00	1	
0	0	01110000	0	1	1	00	1	
1	1	01110000	0	1	1	00	1	
0	0	01110000	0	1	1	00	1	
1	1	01110000	0	1	1	00	1	
0	0	01110000	0	1	1	00	1	
1	1	01110000	0	1	1	00	1	
0	0	00111000	0	1	1	00	1	
1	1	00111000	0	1	1	00	1	
0	0	00111000	0	1	1	00	1	
1	1	00111000	0	1	1	00	1	
0	0	00111000	0	1	1	00	1	
1	1	00111000	0	1	1	00	1	
0	0	00111000	0	1	1	00	1	
1	1	00111000	0	1	1	00	1	
0	0	00111000	0	1	1	00	1	
1	1	00111000	0	1	1	00	1	
0	0	00111000	0	1	1	00	1	
1	1	00111000	0	1	1	00	1	
0	0	00011100	0	1	1	00	1	
1	1	00011100	0	1	1	00	1	
0	0	00011100	0	1	1	00	1	
1	1	00011100	0	1	1	00	1	
0	0	00011100	0	1	1	00	1	
1	1	00011100	0	1	1	00	1	
0	0	00011100	0	1	1	00	1	
1	1	00011100	0	1	1	00	1	
0	0	00011100	0	1	1	00	1	
1	1	00011100	0	1	1	00	1	
0	0	00011100	0	1	1	00	1	
1	1	00011100	0	1	1	00	1	
0	0	00001110	0	1	1	00	1	
1	1	00001110	0	1	1	00	1	
0	0	00001110	0	1	1	00	1	
1	1	00001110	0	1	1	00	1	
0	0	00001110	0	1	1	00	1	
1	1	00001110	0	1	1	00	1	
0	0	00001110	0	1	1	00	1	
1	1	00001110	0	1	1	00	1	
0	0	00001110	0	1	1	00	1	
1	1	00001110	0	1	1	00	1	
0	0	00001110	0	1	1	00	1	
1	1	00001110	0	1	1	00	1	
0	0	00000111	0	1	1	00	1	
1	1	00000111	0	1	1	00	1	
0	0	00000111	0	1	1	00	1	
1	1	00000111	0	1	1	00	1	
0	0	00000111	0	1	1	00	1	
1	1	00000111	0	1	1	00	1	
0	0	00000111	0	1	1	00	1	
1	1	00000111	0	1	1	00	1	
0	0	00000111	0	1	1	00	1	
1	1	00000111	0	1	1	00	1	
0	0	00000111	0	1	1	00	1	
1	1	00000111	0	1	1	00	1	
0	0	10000011	0	1	1	00	1	
1	1	10000011	0	1	1	00	1	
0	0	10000011	0	1	1	00	1	
1	1	10000011	0	1	1	00	1	
0	0	10000011	0	1	1	00	1	
1	1	10000011	0	1	1	00	1	
0	0	10000011	0	1	1	01	1	
1	1	10000011	0	1	1	01	1	
0	0	10000011	0	1	1	01	1	
1	1	10000011	0	1	1	01	1	
0	0	10000011	0	1	1	01	1	
1	1	10000011	0	1	1	01	1	
0	0	11000001	0	1	1	01	1	
1	1	11000001	0	1	1	01	1	
0	0	11000001	0	1	1	01	1	
1	1	11000001	0	1	1	01	1	
0	0	11000001	0	1	1	01	1	
1	1	11000001	0	1	1	01	1	
0	0	11000001	0	1	1	01	1	
1	1	11000001	0	1	1	01	1	
0	0	11000001	0	1	1	01	1	
1	1	11000001	0	1	1	01	1	
0	0	11100000	0	1	1	01	1	
1	1	11100000	0	1	1	01	1	
0	0	11100000	0	1	1	01	1	
1	1	11100000	0	1	1	01	1	
0	0	11100000	0	1	1	01	1	
1	1	11100000	0	1	1	01	1	
0	0	11100000	0	1	1	01	1	
1	1	11100000	0	1	1	01	1	
0	0	11100000	0	1	1	01	1	
1	1	11100000	0	1	1	01	1	
0	0	01110000	0	1	1	01	1	
1	1	01110000	0	1	1	01	1	
0	0	01110000	0	1	1	01	1	
1	1	01110000	0	1	1	01	1	
0	0	01110000	0	1	1	01	1	
1	1	01110000	0	1	1	01	1	
0	0	01110000	0	1	1	01	1	
1	1	01110000	0	1	1	01	1	
0	0	01110000	0	1	1	01	1	
1	1	01110000	0	1	1	01	1	
0	0	00111000	0	1	1	01	1	
1	1	00111000	0	1	1	01	1	
0	0	00111000	0	1	1	01	1	
1	1	00111000	0	1	1	01	1	
0	0	00111000	0	1	1	01	1	
1	1	00111000	0	1	1	01	1	
0	0	00111000	0	1	1	01	1	
1	1	00111000	0	1	1	01	1	
0	0	00111000	0	1	1	01	1	
1	1	00111000	0	1	1	01	1	
0	0	00011100	0	1	1	01	1	
1	1	00011100	0	1	1	01	1	
0	0	00011100	0	1	1	01	1	
1	1	00011100	0	1	1	01	1	
0	0	00011100	0	1	1	01	1	
1	1	00011100	0	1	1	01	1	
0	0	00011100	0	1	1	01	1	
1	1	00011100	0	1	1	01	1	
0	0	00011100	0	1	1	01	1	
1	1	00011100	0	1	1	01	1	
0	0	00001110	0	1	1	01	1	
1	1	00001110	0	1	1	01	1	
0	0	00001110	0	1	1	01	1	
1	1	00001110	0	1	1	01	1	
0	0	00001110	0	1	1	01	1	
1	1	00001110	0	1	1	01	1	
0	0	00001110	0	1	1	01	1	
1	1	00001110	0	1	1	01	1	
0	0	00001110	0	1	1	01	1	
1	1	00001110	0	1	1	01	1	
0	0	00000111	0	1	1	01	1	
1	1	00000111	0	1	1	01	1	
0	0	00000111	0	1	1	01	1	
1	1	00000111	0	1	1	01	1	
0	0	00000111	0	1	1	01	1	
1	1	00000111	0	1	1	01	1	
0	0	00000111	0	1	1	01	1	
1	1	00000111	0	1	1	01	1	
0	0	00000111	0	1	1	01	1	
1	1	00000111	0	1	1	01	1	
0	0	10000011	0	1	1	01	1	
1	1	10000011	0	1	1	01	1	
0	0	10000011	0	1	1	01	1	
1	1	10000011	0	1	1	01	1	
0	0	10000011	0	1	1	01	1	
1	1	10000011	0	1	1	01	1	
0	0	10000011	0	1	1	01	1	
1	1	10000011	0	1	1	01	1	
0	0	10000011	0	1	1	01	1	
1	1	10000011	0	1	1	01	1	
0	0	11000001	0	1	1	01	1	
1	1	11000001	0	1	1	01	1	
0	0	11000001	0	1	1	01	1	
1	1	11000001	0	1	1	01	1	
0	0	11000001	0	1	1	01	1	
1	1	11000001	0	1	1	01	1	
0	0	11000001	0	1	1	00	1	
1	1	11000001	0	1	1	00	1	
0	0	11000001	0	1	1	00	1	
1	1	11000001	0	1	1	00	1	
0	0	11100000	0	1	1	00	1	
1	1	11100000	0	1	1	00	1	
0	0	11100000	0	1	1	00	1	
1	1	11100000	0	1	1	00	1	
0	0	11100000	0	1	1	00	1	
1	1	11100000	0	1	1	00	1	
0	0	11100000	0	1	1	00	1	
1	1	11100000	0	1	1	00	1	
0	0	11100000	0	1	1	00	1	
1	1	11100000	0	1	1	00	1	
0	0	11100000	0	1	1	00	1	
1	1	11100000	0	1	1	00	1	
0	0	01110000	0	1	1	00	1	
1	1	01110000	0	1	1	00	1	
0	0	01110000	0	1	1	00	1	
1	1	01110000	0	1	1	00	1	
0	0	01110000	0	1	1	00	1	
1	1	01110000	0	1	1	10	1	
0	0	01110000	0	1	1	10	1	
1	1	01110000	0	1	1	10	1	
0	0	01110000	0	1	1	10	1	
1	1	01110000	0	1	1	10	1	
0	0	01110000	0	1	1	10	1	
1	1	01110000	0	1	1	10	1	
0	0	00111000	0	1	1	10	1	
1	1	00111000	0	1	1	10	1	
0	0	00111000	0	1	1	10	1	
1	1	00111000	0	1	1	10	1	
0	0	00111000	0	1	1	10	1	
1	1	00111000	0	1	1	10	1	
0	0	00111000	0	1	1	10	1	
1	1	00111000	0	1	1	10	1	
0	0	00011100	0	1	1	10	1	
1	1	00011100	0	1	1	10	1	
0	0	00011100	0	1	1	10	1	
1	1	00011100	0	1	1	10	1	
0	0	00011100	0	1	1	10	1	
1	1	00011100	0	1	1	10	1	
0	0	00011100	0	1	1	10	1	
1	1	00011100	0	1	1	10	1	
0	0	00001110	0	1	1	10	1	
1	1	00001110	0	1	1	10	1	
0	0	00001110	0	1	1	10	1	
1	1	00001110	0	1	1	10	1	
0	0	00001110	0	1	1	10	1	
1	1	00001110	0	1	1	10	1	
0	0	00001110	0	1	1	10	1	
1	1	00001110	0	1	1	10	1	
0	0	00000111	0	1	1	10	1	
1	1	00000111	0	1	1	10	1	
0	0	00000111	0	1	1	10	1	
1	1	00000111	0	1	1	10	1	
0	0	00000111	0	1	1	10	1	
1	1	00000111	0	1	1	10	1	
0	0	00000111	0	1	1	10	1	
1	1	00000111	0	1	1	10	1	
0	0	10000011	0	1	1	10	1	
1	1	10000011	0	1	1	10	1	
0	0	10000011	0	1	1	10	1	
1	1	10000011	0	1	1	10	1	
0	0	10000011	0	1	1	10	1	
1	1	10000011	0	1	1	10	1	
0	0	10000011	0	1	1	10	1	
1	1	10000011	0	1	1	10	1	
0	0	11000001	0	1	1	10	1	
1	1	11000001	0	1	1	10	1	
0	0	11000001	0	1	1	10	1	
1	1	11000001	0	1	1	10	1	
0	0	11000001	0	1	1	10	1	
1	1	11000001	0	1	1	10	1	
0	0	11000001	0	1	1	10	1	
1	1	11000001	0	1	1	10	1	
0	0	11100000	0	1	1	10	1	
1	1	11100000	0	1	1	10	1	
0	0	11100000	0	1	1	10	1	
1	1	11100000	0	1	1	10	1	
0	0	11100000	0	1	1	10	1	
1	1	11100000	0	1	1	10	1	
0	0	11100000	0	1	1	10	1	
1	1	11100000	0	1	1	10	1	
0	0	01110000	0	1	1	10	1	
1	1	01110000	0	1	1	10	1	
0	0	01110000	0	1	1	10	1	
1	1	01110000	0	1	1	10	1	
0	0	01110000	0	1	1	10	1	
1	1	01110000	0	1	1	10	1	
0	0	01110000	0	1	1	10	1	
1	1	01110000	0	1	1	10	1	
0	0	00111000	0	1	1	10	1	
1	1	00111000	0	1	1	10	1	
0	0	00111000	0	1	1	10	1	
1	1	00111000	0	1	1	10	1	
0	0	00111000	0	1	1	10	1	
1	1	00111000	0	1	1	11	1	
0	0	00111000	0	1	1	11	1	
1	1	00111000	0	1	1	11	1	
0	0	00011100	0	1	1	11	1	
1	1	00011100	0	1	1	11	1	
0	0	00011100	0	1	1	11	1	
1	1	00011100	0	1	1	11	1	
0	0	00011100	0	1	1	11	1	
1	1	00011100	0	1	1	11	1	
0	0	00001110	0	1	1	11	1	
1	1	00001110	0	1	1	11	1	
0	0	00001110	0	1	1	11	1	
1	1	00001110	0	1	1	11	1	
0	0	00001110	0	1	1	11	1	
1	1	00001110	0	1	1	11	1	
0	0	00000111	0	1	1	11	1	
1	1	00000111	0	1	1	11	1	
0	0	00000111	0	1	1	11	1	
1	1	00000111	0	1	1	11	1	
0	0	00000111	0	1	1	11	1	
1	1	00000111	0	1	1	11	1	
0	0	10000011	0	1	1	11	1	
1	1	10000011	0	1	1	11	1	
0	0	10000011	0	1	1	11	1	
1	1	10000011	0	1	1	11	1	
0	0	10000011	0	1	1	11	1	
1	1	10000011	0	1	1	11	1	
0	0	11000001	0	1	1	11	1	
1	1	11000001	0	1	1	11	1	
0	0	11000001	0	1	1	11	1	
1	1	11000001	0	1	1	11	1	
0	0	11000001	0	1	1	11	1	
1	1	11000001	0	1	1	11	1	
0	0	11100000	0	1	1	11	1	
1	1	11100000	0	1	1	11	1	
0	0	11100000	0	1	1	11	1	
1	1	11100000	0	1	1	11	1	
0	0	11100000	0	1	1	11	1	
1	1	11100000	0	1	1	11	1	
0	0	01110000	0	1	1	11	1	
1	1	01110000	0	1	1	11	1	
0	0	01110000	0	1	1	11	1	
1	1	01110000	0	1	1	11	1	
0	0	01110000	0	1	1	11	1	
1	1	01110000	0	1	1	11	1	
0	0	00111000	0	1	1	11	1	
1	1	00111000	0	1	1	11	1	
0	0	00111000	0	1	1	11	1	
1	1	00111000	0	1	1	11	1	
0	0	00111000	0	1	1	11	1	
1	1	00111000	0	1	1	11	1	
0	0	00011100	0	1	1	11	1	
1	1	00011100	0	1	1	11	1	
0	0	00011100	0	1	1	11	1	
1	1	00011100	0	1	1	11	1	
0	0	00011100	0	1	1	11	1	
1	1	00011100	0	1	1	11	1	
0	0	00001110	0	1	1	11	1	
1	1	00001110	0	1	1	11	1	
0	0	00001110	0	1	1	11	1	
1	1	00001110	0	1	1	11	1	
0	0	00001110	0	1	1	11	1	
1	1	00001110	0	1	1	11	1	
0	0	00000111	0	1	1	11	1	
1	1	00000111	0	1	1	11	1	
0	0	00000111	0	1	1	11	1	
1	1	00000111	0	1	1	11	1	
0	0	00000111	0	1	1	11	1	
1	1	00000111	0	1	1	11	1	
0	0	10000011	0	1	1	11	1	
1	1	10000011	0	1	1	11	1	
0	0	10000011	0	1	1	11	1	
1	1	10000011	0	1	1	11	1	
0	0	10000011	0	1	1	11	1	
1	1	10000011	0	1	1	11	1	
0	0	11000001	0	1	1	11	1	
1	1	11000001	0	1	1	11	1	
0	0	11000001	0	1	1	11	1	
1	1	11000001	0	1	1	11	1	
0	0	11000001	0	1	1	11	1	
1	1	11000001	0	1	1	11	1	
0	0	11100000	0	1	1	11	1	
1	1	11100000	0	1	1	11	1	
0	0	11100000	0	1	1	11	1	
1	1	11100000	0	1	1	11	1	
0	0	11100000	0	1	1	11	1	
1	1	11100000	0	1	1	11	1	
0	0	01110000	0	1	1	11	1	
1	1	01110000	0	1	1	11	1	
0	0	01110000	0	1	1	11	1	
1	1	01110000	0	1	1	11	1	
0	0	01110000	0	1	1	11	1	
1	1	01110000	0	1	1	11	1	
0	0	00111000	0	1	1	11	1	
1	1	00111000	0	1	1	11	1	
0	0	00111000	0	1	1	11	1	
1	1	00111000	0	1	1	11	1	
0	0	00111000	0	1	1	11	1	
1	1	00111000	0	1	1	11	1	
0	0	00011100	0	1	1	11	1	
1	1	00011100	0	1	1	11	1	
0	0	00011100	0	1	1	11	1	
1	1	00011100	0	1	1	11	1	
0	0	00011100	0	1	1	11	1	
1	1	00011100	0	1	1	11	1	
0	0	00001110	0	1	1	11	1	
1	1	00001110	0	1	1	11	1	
0	0	00001110	0	1	1	11	1	
1	1	00001110	0	1	1	11	1	
0	0	00001110	0	1	1	11	1	
1	1	00001110	0	1	1	11	1	
0	0	00000111	0	1	1	11	1	
1	1	00000111	0	1	1	11	1	
0	0	00000111	0	1	1	11	1	
1	1	00000111	0	1	1	11	1	
0	0	00000111	0	1	1	11	1	
1	1	00000111	0	1	1	11	1	
0	0	10000011	0	1	1	11	1	
1	1	10000011	0	1	1	11	1	
0	0	10000011	0	1	1	11	1	
1	1	10000011	0	1	1	11	1	
0	0	10000011	0	1	1	11	1	
1	1	10000011	0	1	1	11	1	
0	0	11000001	0	1	1	11	1	
1	1	11000001	0	1	1	11	1	
0	0	11000001	0	1	1	11	1	
1	1	11000001	0	1	1	11	1	
0	0	11000001	0	1	1	11	1	
1	1	11000001	0	1	1	11	1	
0	0	11100000	0	1	1	11	1	
1	1	11100000	0	1	1	11	1	
0	0	11100000	0	1	1	11	1	
1	1	11100000	0	1	1	11	1	
0	0	11100000	0	1	1	11	1	
1	1	11100000	0	1	1	11	1	
0	0	01110000	0	1	1	11	1	
1	1	01110000	0	1	1	11	1	
0	0	01110000	0	1	1	11	1	
1	1	01110000	0	1	1	11	1	
0	0	01110000	0	1	1	11	1	
1	1	01110000	0	1	1	11	1	
0	0	00111000	0	1	1	11	1	
1	1	00111000	0	1	1	11	1	
0	0	00111000	0	1	1	11	1	
1	1	00111000	0	1	1	11	1	
0	0	00111000	0	1	1	11	1	
1	1	00111000	0	1	1	11	1	
0	0	00011100	0	1	1	11	1	
1	1	00011100	0	1	1	11	1	
0	0	00011100	0	1	1	11	1	
1	1	00011100	0	1	1	11	1	
0	0	00011100	0	1	1	11	1	
1	1	00011100	0	1	1	11	1	
0	0	00001110	0	1	1	11	1	
1	1	00001110	0	1	1	11	1	
0	0	00001110	0	1	1	11	1	
1	1	00001110	0	1	1	11	1	
0	0	00001110	0	1	1	11	1	
1	1	00001110	0	1	1	11	1	
0	0	00000111	0	1	1	11	1	
1	1	00000111	0	1	1	11	1	
0	0	00000111	0	1	1	11	1	
1	1	00000111	0	1	1	11	1	
0	0	00000111	0	1	1	11	1	
1	1	00000111	0	1	1	11	1	
0	0	10000011	0	1	1	11	1	
1	1	10000011	0	1	1	11	1	
0	0	10000011	0	1	1	11	1	
1	1	10000011	0	1	1	11	1	
0	0	10000011	0	1	1	11	1	
1	1	10000011	0	1	1	11	1	
0	0	11000001	0	1	1	11	1	
1	1	11000001	0	1	1	11	1	
0	0	11000001	0	1	1	11	1	
1	1	11000001	0	1	1	11	1	
0	0	11000001	0	1	1	11	1	
1	1	11000001	0	1	1	11	1	
0	0	11100000	0	1	1	11	1	
1	1	11100000	0	1	1	11	1	
0	0	11100000	0	1	1	11	1	
1	1	11100000	0	1	1	11	1	
0	0	11100000	0	1	1	11	1	
1	1	11100000	0	1	1	11	1	
0	0	01110000	0	1	1	11	1	
1	1	01110000	0	1	1	11	1	
0	0	01110000	0	1	1	11	1	
1	1	01110000	0	1	1	11	1	
0	0	01110000	0	1	1	11	1	
1	1	01110000	0	1	1	11	1	
0	0	00111000	0	1	1	11	1	
1	1	00111000	0	1	1	11	1	
0	0	00111000	0	1	1	11	1	
1	1	00111000	0	1	1	11	1	
0	0	00111000	0	1	1	11	1	
1	1	00111000	0	1	1	11	1	
0	0	00011100	0	1	1	11	1	
1	1	00011100	0	1	1	11	1	
0	0	00011100	0	1	1	11	1	
1	1	00011100	0	0	1	11	1	
0	0	00011100	0	0	1	11	1	
1	1	00011100	0	0	1	11	1	
0	0	00011100	0	0	1	11	1	
1	1	00011100	0	0	1	11	1	
0	0	00011100	0	0	1	11	1	
1	1	00011100	0	0	1	11	1	
0	0	00011100	0	0	1	11	1	
1	1	00011100	0	0	1	11	1	
0	0	00011100	0	0	1	11	1	
1	1	00011100	0	0	1	11	1	
0	0	00011100	0	0	1	11	1	
1	1	00011100	0	0	1	11	1	
0	0	00011100	0	0	1	11	1	
1	1	00011100	0	0	1	11	1	
0	0	00011100	0	0	1	11	1	
1	1	00011100	0	0	1	11	1	
0	0	00011100	0	0	1	11	1	
1	1	00011100	0	0	1	11	1	
0	0	00011100	0	0	1	11	1	
1	1	00011100	0	0	1	11	1	
0	0	00011100	0	0	1	11	1	
1	1	00011100	0	0	1	11	1	
0	0	00011100	0	0	1	11	1	
1	1	00011100	0	0	1	11	1	
0	0	00011100	0	0	1	11	1	
1	1	00011100	0	0	1	11	1	
0	0	00011100	0	0	1	11	1	
1	1	00011100	0	0	1	11	1	
0	0	00011100	0	0	1	11	1	
1	1	00011100	0	0	1	11	1	
0	0	00011100	0	0	1	11	1	
1	1	00011100	0	0	1	11	1	
0	0	00011100	0	0	1	11	1	
1	1	00011100	0	0	1	11	1	
0	0	00011100	0	0	1	11	1	
1	1	00011100	0	0	1	11	1	
0	0	00011100	0	0	1	11	1	
1	1	00011100	0	0	1	11	1	
0	0	00011100	0	0	1	11	1	
1	1	00011100	0	0	1	11	1	
0	0	00011100	0	0	1	11	1	
1	1	00011100	0	0	1	11	1	
0	0	00011100	0	0	1	11	1	
1	1	00011100	0	0	1	11	1	
0	0	00011100	0	0	1	11	1	
1	1	00011100	0	0	1	11	1	
0	0	00011100	0	0	1	11	1	
1	1	00011100	0	0	1	11	1	
0	0	00011100	0	0	1	11	1	
1	1	00011100	0	0	1	11	1	
0	0	00011100	0	0	1	11	1	
1	1	00011100	0	0	1	11	1	
0	0	00011100	0	0	1	11	1	
1	1	00011100	0	0	1	11	1	
0	0	00011100	0	0	1	11	1	
1	1	00011100	0	0	1	11	1	
0	0	00011100	0	0	1	11	1	
1	1	00011100	0	0	1	11	1	
0	0	00011100	0	0	1	11	1	
1	1	00011100	0	0	1	11	1	
0	0	00011100	0	0	1	11	1	
1	1	00011100	0	0	1	11	1	
0	0	00011100	0	0	1	11	1	
1	1	00011100	0	0	1	11	1	
0	0	00011100	0	0	1	11	1	
1	1	00011100	0	0	1	11	1	
0	0	00011100	0	0	1	11	1	
1	1	00011100	0	0	1	11	1	
0	0	00011100	0	0	1	11	1	
1	1	00011100	0	0	1	11	1	
0	0	00011100	0	0	1	11	1	
1	1	00011100	0	0	1	11	1	
0	0	00011100	0	0	1	11	1	
1	1	00011100	0	0	1	11	1	
0	0	00011100	0	0	1	11	1	
1	1	00011100	0	0	1	11	1	
0	0	00011100	0	1	1	11	1	
1	1	00011100	0	1	1	11	1	
0	0	00011100	0	1	1	11	1	
1	1	00011100	0	1	1	11	1	
0	0	00001110	0	1	1	11	1	
1	1	00001110	0	1	1	11	1	
0	0	00001110	0	1	1	11	1	
1	1	00001110	0	1	1	11	1	
0	0	00001110	0	1	1	11	1	
1	1	00001110	0	1	1	11	1	
0	0	00000111	0	1	1	11	1	
1	1	00000111	0	1	1	11	1	
0	0	00000111	0	1	1	11	1	
1	1	00000111	0	1	1	11	1	
0	0	00000111	0	1	1	11	1	
1	1	00000111	0	1	1	11	1	
0	0	10000011	0	1	1	11	1	
1	1	10000011	0	1	1	11	1	
0	0	10000011	0	1	1	11	1	
1	1	10000011	0	1	1	11	1	
0	0	10000011	0	1	1	11	1	
1	1	10000011	0	1	1	11	1	
0	0	11000001	0	1	1	11	1	
1	1	11000001	0	1	1	11	1	
0	0	11000001	0	1	1	11	1	
1	1	11000001	0	1	1	11	1	
0	0	11000001	0	1	1	11	1	
1	1	11000001	0	1	1	11	1	
0	0	11100000	0	1	1	11	1	
1	1	11100000	0	1	1	11	1	
0	0	11100000	0	1	1	11	1	
1	1	11100000	0	1	1	11	1	
0	0	11100000	0	1	1	11	1	
1	1	11100000	0	1	1	11	1	
0	0	01110000	0	1	1	11	1	
1	1	01110000	0	1	1	11	1	
0	0	01110000	0	1	1	11	1	
1	1	01110000	0	1	1	11	1	
0	0	01110000	0	1	1	11	1	
1	1	01110000	0	1	1	11	1	
0	0	00111000	0	1	1	11	1	
1	1	00111000	0	1	1	11	1	
0	0	00111000	0	1	1	11	1	
1	1	00111000	0	1	1	11	1	
0	0	00111000	0	1	1	11	1	
1	1	00111000	0	1	1	11	1	
0	0	00011100	0	1	1	11	1	
1	1	00011100	0	1	1	11	1	
0	0	00011100	0	1	1	11	1	
1	1	00011100	0	1	1	11	1	
0	0	00011100	0	1	1	11	1	
1	1	00011100	0	1	1	11	1	
0	0	00001110	0	1	1	11	1	
1	1	00001110	0	1	1	11	1	
0	0	00001110	0	1	1	11	1	
1	1	00001110	0	1	1	11	1	
0	0	00001110	0	1	1	11	1	
1	1	00001110	0	1	1	11	1	
0	0	00000111	0	1	1	11	1	
1	1	00000111	0	1	1	11	1	
0	0	00000111	0	1	1	11	1	
1	1	00000111	0	1	1	11	1	
0	0	00000111	0	1	1	11	1	
1	1	00000111	0	1	1	11	1	
0	0	10000011	0	1	1	11	1	
1	1	10000011	0	1	1	11	1	
0	0	10000011	0	1	1	11	1	
1	1	10000011	0	1	1	11	1	
0	0	10000011	0	1	1	11	1	
1	1	10000011	0	0	1	11	1	
0	0	10000011	0	0	1	11	1	
1	1	10000011	0	0	1	11	1	
0	0	10000011	0	0	1	11	1	
1	1	10000011	0	0	1	11	1	
0	0	10000011	0	0	1	11	1	
1	1	10000011	0	0	1	11	1	
0	0	10000011	0	0	1	11	1	
1	1	10000011	0	0	1	11	1	
0	0	10000011	0	0	1	11	1	
1	1	10000011	0	0	1	11	1	
0	0	10000011	0	0	1	11	1	
1	1	10000011	0	0	1	11	1	
0	0	10000011	0	0	1	11	1	
1	1	10000011	0	0	1	11	1	
0	0	10000011	0	0	1	11	1	
1	1	10000011	0	0	1	11	1	
0	0	10000011	0	0	1	11	1	
1	1	10000011	0	0	1	11	1	
0	0	10000011	0	0	1	11	1	
1	1	10000011	0	0	1	11	1	
0	0	10000011	0	0	1	11	1	
1	1	10000011	0	0	1	11	1	
0	0	10000011	0	0	1	11	1	
1	1	10000011	0	0	1	11	1	
0	0	10000011	0	0	1	11	1	
1	1	10000011	0	0	1	11	1	
0	0	10000011	0	0	1	11	1	
1	1	10000011	0	0	1	11	1	
0	0	10000011	0	0	1	11	1	
1	1	10000011	0	0	1	11	1	
0	0	10000011	0	0	1	11	1	
1	1	10000011	0	0	1	11	1	
0	0	10000011	0	0	1	11	1	
1	1	10000011	0	0	1	11	1	
0	0	10000011	0	0	1	11	1	
1	1	10000011	0	0	1	11	1	
0	0	10000011	0	0	1	11	1	
1	1	10000011	0	0	1	11	1	
0	0	10000011	0	0	1	11	1	
1	1	10000011	0	0	1	11	1	
0	0	10000011	0	0	1	11	1	
1	1	10000011	0	0	1	11	1	
0	0	10000011	0	0	1	11	1	
1	1	10000011	0	0	1	11	1	
0	0	10000011	0	0	1	11	1	
1	1	10000011	0	0	1	11	1	
0	0	10000011	0	0	1	11	1	
1	1	10000011	0	0	1	11	1	
0	0	10000011	0	0	1	11	1	
1	1	10000011	0	0	1	11	1	
0	0	10000011	0	0	1	11	1	
1	1	10000011	0	0	1	11	1	
0	0	10000011	0	0	1	11	1	
1	1	10000011	0	0	1	11	1	
0	0	10000011	0	0	1	11	1	
1	1	10000011	0	0	1	11	1	
0	0	10000011	0	0	1	11	1	
1	1	10000011	0	0	1	11	1	
0	0	10000011	0	0	1	11	1	
1	1	10000011	0	0	1	11	1	
0	0	10000011	0	0	1	11	1	
1	1	10000011	0	0	1	11	1	
0	0	10000011	0	0	1	11	1	
1	1	10000011	0	0	1	11	1	
0	0	10000011	0	0	1	11	1	
1	1	10000011	0	0	1	11	1	
0	0	10000011	0	0	1	11	1	
1	1	10000011	0	0	1	11	1	
0	0	10000011	0	0	1	11	1	
1	1	10000011	0	0	1	11	1	
0	0	10000011	0	0	1	11	1	
1	1	10000011	0	0	1	11	1	
0	0	10000011	0	0	1	11	1	
1	1	10000011	0	0	1	11	1	
0	0	10000011	0	0	1	11	1	
1	1	10000011	0	0	1	11	1	
0	0	10000011	0	0	1	11	1	
1	1	10000011	0	0	1	11	1	
0	0	10000011	1	0	1	11	1	
1	1	10000011	1	0	1	11	1	
0	0	11100000	1	0	1	11	1	
1	1	11100000	1	0	1	11	1	
0	0	11100000	1	0	1	11	1	
1	1	11100000	1	0	1	11	1	
0	0	11100000	1	0	1	11	1	
1	1	11100000	1	0	1	11	1	
0	0	11100000	1	0	1	11	1	
1	1	11100000	1	0	1	11	1	
0	0	11100000	1	0	1	11	1	
1	1	11100000	1	0	1	11	1	
0	0	11100000	1	0	1	11	1	
1	1	11100000	1	0	1	11	1	
0	0	11100000	1	0	1	11	1	
1	1	11100000	1	0	1	11	1	
0	0	11100000	1	0	1	11	1	
1	1	11100000	1	0	1	11	1	
0	0	11100000	1	0	1	11	1	
1	1	11100000	1	0	1	11	1	
0	0	11100000	1	0	1	11	1	
1	1	11100000	1	0	1	11	1	
0	0	11100000	0	0	1	11	1	
1	1	11100000	0	0	1	11	1	
0	0	11100000	0	0	1	11	1	
1	1	11100000	0	0	1	11	1	
0	0	11100000	0	0	1	11	1	
1	1	11100000	0	0	1	11	1	
0	0	11100000	0	0	1	11	1	
1	1	11100000	0	0	1	11	1	
0	0	11100000	0	0	1	11	1	
1	1	11100000	0	0	1	11	1	
0	0	11100000	0	0	1	11	1	
1	1	11100000	0	0	1	11	1	
0	0	11100000	0	0	1	11	1	
1	1	11100000	0	0	1	11	1	
0	0	11100000	0	0	1	11	1	
1	1	11100000	0	0	1	11	1	
0	0	11100000	0	0	1	11	1	
1	1	11100000	0	0	1	11	1	
0	0	11100000	0	0	1	11	1	
1	1	11100000	0	0	1	11	1	
0	0	11100000	0	0	1	11	1	
1	1	11100000	0	0	1	11	1	
0	0	11100000	0	0	1	11	1	
1	1	11100000	0	0	1	11	1	
0	0	11100000	0	0	1	11	1	
1	1	11100000	0	0	1	11	1	
0	0	11100000	0	0	1	11	1	
1	1	11100000	0	0	1	11	1	
0	0	11100000	0	0	1	11	1	
1	1	11100000	0	0	1	11	1	
0	0	11100000	0	0	1	11	1	
1	1	11100000	0	0	1	11	1	
0	0	11100000	0	0	1	11	1	
1	1	11100000	0	0	1	11	1	
0	0	11100000	0	0	1	11	1	
1	1	11100000	0	0	1	11	1	
0	0	11100000	0	0	1	11	1	
1	1	11100000	0	0	1	11	1	
0	0	11100000	0	0	1	11	1	
1	1	11100000	0	0	1	11	1	
0	0	11100000	0	0	1	11	1	
1	1	11100000	0	0	1	11	1	
0	0	11100000	0	0	1	11	1	
1	1	11100000	0	0	1	11	1	
0	0	11100000	0	0	1	11	1	
1	1	11100000	0	0	1	11	1	
0	0	11100000	0	0	1	11	1	
1	1	11100000	0	0	1	11	1	
0	0	11100000	0	0	1	11	1	
1	1	11100000	0	0	1	11	1	
0	0	11100000	0	0	1	11	1	
1	1	11100000	0	1	1	11	1	
0	0	11100000	0	1	1	11	1	
1	1	11100000	0	1	1	11	1	
0	0	01110000	0	1	1	11	1	
1	1	01110000	0	1	1	11	1	
0	0	01110000	0	1	1	11	1	
1	1	01110000	0	1	1	11	1	
0	0	01110000	0	1	1	11	1	
1	1	01110000	0	1	1	11	1	
0	0	00111000	0	1	1	11	1	
1	1	00111000	0	1	1	11	1	
0	0	00111000	0	1	1	11	1	
1	1	00111000	0	1	1	11	1	
0	0	00111000	0	1	1	11	1	
1	1	00111000	0	1	1	11	1	
0	0	00011100	0	1	1	11	1	
1	1	00011100	0	1	1	11	1	
0	0	00011100	0	1	1	11	1	
1	1	00011100	0	1	1	11	1	
0	0	00011100	0	1	1	11	1	
1	1	00011100	0	1	1	11	1	
0	0	00001110	0	1	1	11	1	
1	1	00001110	0	1	1	11	1	
0	0	00001110	0	1	1	11	1	
1	1	00001110	0	1	1	11	1	
0	0	00001110	0	1	1	11	1	
1	1	00001110	0	1	1	11	1	
0	0	00000111	0	1	1	11	1	
1	1	00000111	0	1	1	11	1	
0	0	00000111	0	1	1	11	1	
1	1	00000111	0	1	1	11	1	
0	0	00000111	0	1	1	11	1	
1	1	00000111	0	1	1	11	1	
0	0	10000011	0	1	1	11	1	
1	1	10000011	0	1	1	11	1	
0	0	10000011	0	1	1	11	1	
1	1	10000011	0	1	1	11	1	
0	0	10000011	0	1	1	11	1	
1	1	10000011	0	1	1	11	1	
0	0	11000001	0	1	1	11	1	
1	1	11000001	0	1	1	11	1	
0	0	11000001	0	1	1	11	1	
1	1	11000001	0	1	1	11	1	
0	0	11000001	0	1	1	11	1	
1	1	11000001	0	1	1	11	1	
0	0	11100000	0	1	1	11	1	
1	1	11100000	0	1	1	11	1	
0	0	11100000	0	1	1	11	1	
1	1	11100000	0	1	1	11	1	
0	0	11100000	0	1	1	11	1	
1	1	11100000	0	1	1	11	1	
0	0	01110000	0	1	1	11	1	
1	1	01110000	0	1	1	11	1	
0	0	01110000	0	1	1	11	1	
1	1	01110000	0	1	1	11	1	
0	0	01110000	0	1	1	11	1	
1	1	01110000	0	1	1	11	1	
0	0	00111000	0	1	1	11	1	
1	1	00111000	0	1	1	11	1	
0	0	00111000	0	1	1	11	1	
1	1	00111000	0	1	1	11	1	
0	0	00111000	0	1	1	11	1	
1	1	00111000	0	1	1	11	1	
0	0	00011100	0	1	1	11	1	
1	1	00011100	0	1	1	11	1	
0	0	00011100	0	1	1	11	1	
1	1	00011100	0	1	1	11	1	
0	0	00011100	0	1	1	11	1	
1	1	00011100	0	1	1	11	1	
0	0	00001110	0	1	1	11	1	
1	1	00001110	0	1	1	11	1	
0	0	00001110	0	1	1	11	1	
1	1	00001110	0	1	1	11	1	
0	0	00001110	0	1	1	11	1	
1	1	00001110	0	1	1	11	1	
0	0	00000111	0	1	1	11	1	
1	1	00000111	0	1	1	11	1	
0	0	00000111	0	1	1	11	1	
1	1	00000111	0	1	1	11	1	
0	0	00000111	0	1	1	11	1	
1	1	00000111	0	1	1	11	1	
0	0	10000011	0	1	1	11	1	
1	1	10000011	0	1	1	11	1	
0	0	10000011	0	1	1	11	1	
1	1	10000011	0	1	1	11	1	
0	0	10000011	0	1	1	11	1	
1	1	10000011	0	1	1	11	1	
0	0	11000001	0	1	1	11	1	
1	1	00000000	0	1	1	11	0	
0	0	00000000	0	1	1	11	0	
1	1	00000000	0	1	1	11	0	
0	0	00000000	0	1	1	11	0	
1	1	00000000	0	1	1	11	0	
0	0	00000000	0	1	1	11	0	
1	1	00000000	0	1	1	11	0	
0	0	00000000	0	1	1	11	0	
1	1	00000000	0	1	1	11	0	
0	0	00000000	0	1	1	11	0	
1	1	00000000	0	1	1	11	0	
0	0	00000000	0	1	1	11	0	
1	1	00000000	0	1	1	11	0	
0	0	00000000	0	1	1	11	0	
1	1	00000000	0	1	1	11	0	
0	0	00000000	0	1	1	11	0	
1	1	00000000	0	1	1	11	0	
0	0	00000000	0	1	1	11	0	
1	1	00000000	0	1	1	11	0	
0	0	00000000	0	1	1	11	0	
1	1	00000000	0	1	1	11	0	
0	0	00000000	0	1	1	11	0	
1	1	00000000	0	1	1	11	0	
0	0	00000000	0	1	1	11	0	
1	1	00000000	0	1	1	11	0	
0	0	00000000	0	1	1	11	0	
1	1	00000000	0	1	1	11	0	
0	0	00000000	0	1	1	11	0	
1	1	00000000	0	1	1	11	0	
0	0	00000000	0	1	1	11	0	
1	1	00000000	0	1	1	11	0	
0	0	00000000	0	1	1	11	0	
1	1	00000000	0	1	1	11	0	
0	0	00000000	0	1	1	11	0	
1	1	00000000	0	1	1	11	0	
0	0	00000000	0	1	1	11	0	
1	1	00000000	0	1	1	11	0	
0	0	00000000	0	1	1	11	0	
1	1	00000000	0	1	1	11	0	
0	0	00000000	0	1	1	11	0	
1	1	00000000	0	1	1	11	0	
0	0	00000000	0	1	1	11	0	
1	1	00000000	0	1	1	11	0	
0	0	00000000	0	1	1	11	0	
1	1	00000000	0	1	1	11	0	
0	0	00000000	0	1	1	11	0	
1	1	00000000	0	1	1	11	0	
0	0	00000000	0	1	1	11	0	
1	1	00000000	0	1	1	11	0	
0	0	00000000	0	1	1	11	0	
1	1	00000000	0	1	1	11	0	
0	0	00000000	0	1	1	11	0	
1	1	00000000	0	1	1	11	0	
0	0	00000000	0	1	1	11	0	
1	1	00000000	0	1	1	11	0	
0	0	00000000	0	1	1	11	0	
1	1	00000000	0	1	1	11	0	
0	0	00000000	0	1	1	11	0	
1	1	00000000	0	1	1	11	0	
0	0	00000000	0	1	1	11	0	
1	1	00000000	0	1	1	11	0	
0	0	00000000	0	1	1	11	0	
1	1	00000000	0	1	1	11	0	
0	0	00000000	0	1	1	11	0	
1	1	00000000	0	1	1	11	0	
0	0	00000000	0	1	1	11	0	
1	1	00000000	0	1	1	11	0	
0	0	00000000	0	1	1	11	0	
1	1	00000000	0	1	1	11	0	
0	0	00000000	0	1	1	11	0	
1	1	00000000	0	1	1	11	0	
0	0	00000000	0	1	1	11	0	
1	1	00000000	0	1	1	11	0	
0	0	00000000	0	1	1	11	0	
1	1	00000000	0	1	1	11	0	
0	0	00000000	0	1	1	11	0	
1	1	00000000	0	1	1	11	0	
0	0	00000000	0	1	1	11	0	
1	1	00000000	0	1	1	11	0	
0	0	00000000	0	1	1	11	0	
1	1	00000000	0	1	1	11	0	
0	0	00000000	0	1	1	11	0	
1	1	00000000	0	1	1	11	0	
0	0	00000000	0	1	1	11	0	
1	1	00000000	0	1	1	11	0	
0	0	00000000	0	1	1	11	0	
1	1	00000000	0	1	1	11	0	
0	0	00000000	0	1	1	11	0	
1	1	00000000	0	1	1	11	0	
0	0	00000000	0	1	1	11	0	
1	1	00000000	0	1	1	11	0	
0	0	00000000	0	1	1	11	0	
1	1	00000000	0	1	1	11	0	
0	0	00000000	0	1	1	11	0	
1	1	00000000	0	1	1	11	0	
0	0	00000000	0	1	1	11	0	
1	1	00000000	0	1	1	11	0	
0	0	00000000	0	1	1	11	0	
1	1	00000000	0	1	1	11	0	
0	0	00000000	0	1	1	11	0	
1	1	00000000	0	1	1	11	0	
0	0	00000000	0	1	1	11	0	
1	1	00000000	0	1	1	11	0	
0	0	00000000	0	1	1	11	0	
1	1	00000000	0	1	1	11	0	
0	0	00000000	0	1	1	11	0	
1	1	00000000	0	1	1	11	0	
0	0	00000000	0	1	1	11	0	
1	1	00000000	0	1	1	11	0	
0	0	00000000	0	1	1	11	0	
1	1	00000000	0	1	1	11	0	
0	0	00000000	0	1	1	11	0	
1	1	00000000	0	1	1	11	0	
0	0	00000000	0	1	1	11	0	
1	1	00000000	0	1	1	11	0	
0	0	00000000	0	1	1	11	0	
1	1	00000000	0	1	1	11	0	
0	0	00000000	0	1	1	11	0	
1	1	00000000	0	1	1	11	0	
0	0	00000000	0	1	1	11	0	
1	1	00000000	0	1	1	11	0	
0	0	00000000	0	1	1	11	0	
1	1	00000000	0	1	1	11	0	
0	0	00000000	0	1	1	11	0	
1	1	00000000	0	1	1	11	0	
0	0	00000000	0	1	1	11	0	
1	1	00000000	0	1	1	11	0	
0	0	00000000	0	1	1	11	0	
1	1	00000000	0	1	1	11	0	
0	0	00000000	0	1	1	11	0	
1	1	00000000	0	1	1	11	0	
0	0	00000000	0	1	1	11	0	
1	1	00000000	0	1	1	11	0	
0	0	00000000	0	1	1	11	0	
1	1	00000000	0	1	1	11	0	
0	0	00000000	0	1	1	11	0	
1	1	00000000	0	1	1	11	0	
0	0	00000000	0	1	1	11	0	
1	1	00000000	0	1	1	11	0	
0	0	00000000	0	1	1	11	0	
1	1	00000000	0	1	1	11	0	
0	0	00000000	0	1	1	11	0	
1	1	00000000	0	1	1	11	0	
0	0	00000000	0	1	1	11	0	
1	1	00000000	0	1	1	11	0	
0	0	00000000	0	1	1	11	0	
1	1	00000000	0	1	1	11	0	
0	0	00000000	0	1	1	11	0	
1	1	00000000	0	1	1	11	0	
0	0	00000000	0	1	1	11	0	
1	1	00000000	0	1	1	11	0	
0	0	00000000	0	1	1	11	0	
1	1	00000000	0	1	1	11	0	
0	0	00000000	0	1	1	11	0	
1	1	00000000	0	1	1	11	0	
0	0	00000000	0	1	1	11	0	
1	1	00000000	0	1	1	11	0	
0	0	00000000	0	1	1	11	0	
